from typing import List, Tuple

def iterate(matriz : List[List[int]]) -> None:
    a = []    
    b = []
    c = []
    count = -2
    for coluna in range(0,10):
            for linha in range(0,10):
                count = count + 1
                #print(count, linha, coluna)
                #if linha == coluna:
                    #a.append(matriz[linha][coluna])
                if linha - count == coluna + 2:
                    b.append(matriz[linha][coluna])
            count = - 2


                

                
                 
                     
                 
    return b


test_result : List[List[int]] = [
   # 0   1  2   3   4   5   6   7   8   9    
    [1, 19, 20, 34, 35, 45, 46, 52, 53, 55], 
    [19, 2, 18, 21, 33, 36, 44, 47, 51, 54], 
    [20, 18, 3, 17, 22, 32, 37, 43, 48, 50], 
    [34, 21, 17, 4, 16, 23, 31, 38, 42, 49], 
    [35, 33, 22, 16, 5, 15, 24, 30, 39, 41], 
    [45, 36, 32, 23, 15, 6, 14, 25, 29, 40], 
    [46, 44, 37, 31, 24, 14, 7, 13, 26, 28], 
    [52, 47, 43, 38, 30, 25, 13, 8, 12, 27], 
    [53, 51, 48, 42, 39, 29, 26, 12, 9, 11], 
    [55, 54, 50, 49, 41, 40, 28, 27, 11, 10]
]

develop : List[List[int]] = [
    [1,  73, 29, 12, 32, 100, 39, 18, 67, 85],
    [70, 2, 59, 4,  28, 43,  3,  60, 93, 84],
    [95, 40, 2,  99, 33, 52,  47, 21, 30, 23],
    [17, 71, 35, 10, 61, 91,  92, 42, 98, 13],
    [57, 26, 22, 7,  14, 11,  55, 25, 41, 76],
    [27, 16, 45, 63, 15, 50,  72, 66, 31, 65],
    [89, 75, 48, 94, 1,  19,  80, 53, 36, 58],
    [24, 83, 34, 62, 78, 5,   9,  97, 82, 96],
    [38, 88, 8,  68, 74, 79,  46, 37, 64, 49],
    [87, 90, 44, 51, 86, 77,  56, 69, 81, 54]
]


result : None = iterate(test_result)
print(result)